Version 0.9.7
7
 4 10 175 77 128 0 1
 5 80 400 206 81 2 2
 0 181 134 877 276 8 3
 1 214 419 206 81 140 4
 1 428 418 206 81 150 5
 1 645 419 206 81 164 6
 3 879 431 203 58 176 7
 0
28
 255 5 71 189 71 189 71 189 71 161 234 161 234 161 0 1 0 3
 255 5 403 200 403 200 403 200 403 161 403 161 403 161 0 3 0 3
 16776960 5 384 430 385 430 385 249 416 249 416 239 416 239 0 4 0 3
 16776960 5 403 430 403 430 385 430 385 358 416 358 416 343 0 4 0 3
 16776960 5 365 430 384 430 384 249 442 249 442 239 442 239 0 4 0 3
 16776960 5 346 430 346 430 384 430 384 250 468 250 468 239 0 4 0 3
 16711680 5 617 429 617 425 560 425 560 359 403 359 403 343 0 5 0 3
 16711680 5 598 429 598 429 560 429 560 223 429 223 429 239 0 5 0 3
 16711680 5 579 429 579 429 560 429 560 224 455 224 455 239 0 5 0 3
 16711680 5 560 429 560 429 560 223 481 223 481 239 481 239 0 5 0 3
 8388736 5 834 430 834 430 834 360 468 360 468 343 468 343 0 6 0 3
 8388736 5 815 430 815 430 815 361 455 361 455 343 455 343 0 6 0 3
 8388736 5 796 430 796 430 796 361 442 361 442 343 442 343 0 6 0 3
 8388736 5 777 430 777 430 777 361 429 361 429 343 429 343 0 6 0 3
 0 5 71 288 71 288 71 382 71 382 234 382 234 382 0 1 0 3
 0 5 546 343 546 343 546 343 546 343 546 382 546 382 0 3 0 3
 0 5 442 382 442 382 430 382 430 487 443 487 443 487 0 3 0 5
 0 5 260 382 260 382 260 488 260 488 229 488 229 488 0 3 0 4
 255 5 247 161 247 161 181 161 181 430 229 430 229 430 0 3 0 4
 255 5 443 429 443 422 180 422 180 161 260 161 260 161 0 5 0 3
 255 5 660 430 660 421 181 421 181 161 273 161 273 161 0 6 0 3
 0 5 660 488 660 488 660 382 660 382 663 382 663 382 0 6 0 3
 33023 5 1065 475 1065 475 1065 555 636 555 636 343 507 343 0 7 0 3
 33023 5 1045 475 1045 475 1045 553 637 553 637 343 520 343 0 7 0 3
 33023 5 533 343 636 343 636 553 1025 553 1025 475 1025 475 0 3 0 7
 33023 5 1005 475 1005 475 1005 556 636 556 636 239 546 239 0 7 0 3
 0 5 890 468 890 468 890 382 890 382 884 382 884 382 0 7 0 3
 4259584 5 701 430 701 430 701 421 481 421 481 343 481 343 0 6 0 3
1
 7181 1 24 397 252 5 0 8583336 24907360 3
