Version 0.9.7
5
 4 10 175 77 128 0 1
 5 80 400 206 81 2 2
 0 441 188 877 276 8 3
 2 542 493 206 81 140 4
 6 1054 25 449 130 150 5
 0
42
 255 5 71 189 71 189 71 52 71 52 1070 52 1070 52 0 1 0 5
 255 5 494 202 494 202 494 202 71 202 71 202 71 202 0 3 0 1
 0 5 71 288 71 288 70 288 70 449 494 449 494 449 0 1 0 3
 255 5 1040 254 1040 254 1040 254 1040 202 1040 202 1040 202 0 3 0 3
 0 5 975 397 975 397 975 397 975 449 975 449 975 449 0 3 0 3
 33023 5 1053 254 1053 254 1053 235 1156 235 1156 148 1156 148 0 3 0 5
 33023 5 1066 254 1066 254 1066 241 1168 241 1168 148 1169 148 0 3 0 5
 33023 5 1079 254 1079 254 1079 148 1079 148 1091 148 1091 148 0 3 0 5
 33023 5 1092 254 1092 254 1095 254 1095 148 1104 148 1104 148 0 3 0 5
 33023 5 1105 254 1105 254 1110 254 1110 148 1117 148 1117 148 0 3 0 5
 33023 5 1118 254 1118 254 1123 254 1123 148 1130 148 1130 148 0 3 0 5
 33023 5 1131 254 1131 254 1136 254 1136 148 1143 148 1143 148 0 3 0 5
 255 5 71 215 85 215 85 435 494 435 494 436 494 436 0 1 0 3
 255 5 1066 397 1066 397 1066 397 1066 436 1066 436 1066 436 0 3 0 3
 255 5 1092 397 1092 397 1092 397 1092 436 1092 436 1092 436 0 3 0 3
 255 5 507 436 507 436 516 436 516 504 557 504 557 504 0 3 0 4
 0 5 507 449 507 449 507 562 507 562 557 562 557 562 0 3 0 4
 255 5 897 254 897 254 897 254 897 202 897 202 897 202 0 3 0 3
 255 5 624 358 624 358 624 358 624 436 624 436 624 436 0 3 0 3
 255 5 780 358 780 358 780 358 780 436 780 436 780 436 0 3 0 3
 0 5 624 254 624 254 624 254 624 215 624 215 624 215 0 3 0 3
 0 5 780 254 780 254 780 254 780 215 780 215 780 215 0 3 0 3
 0 5 494 215 494 215 95 215 95 275 71 275 71 275 0 3 0 1
 16711680 5 585 397 585 397 585 504 585 504 598 504 598 504 0 3 0 4
 255 5 585 254 585 254 585 254 585 202 585 202 585 202 0 3 0 3
 255 5 663 358 663 358 663 358 663 436 663 436 663 436 0 3 0 3
 255 5 611 358 611 358 611 358 611 436 611 436 611 436 0 3 0 3
 255 5 637 254 637 254 637 254 637 202 637 202 637 202 0 3 0 3
 255 5 741 254 741 254 741 254 741 202 741 202 741 202 0 3 0 3
 255 5 793 254 793 254 793 254 793 202 793 202 793 202 0 3 0 3
 255 5 767 358 767 358 767 358 767 436 767 436 767 436 0 3 0 3
 255 5 819 358 819 358 819 358 819 436 819 436 819 436 0 3 0 3
 65280 5 611 293 611 262 1143 262 1143 397 1131 397 1131 397 0 3 0 3
 8388863 5 650 293 650 293 650 269 1040 269 1040 397 1040 397 0 3 0 3
 32768 5 754 293 754 293 754 276 1060 276 1060 397 1053 397 0 3 0 3
 16711808 5 806 293 806 293 806 286 1124 286 1124 397 1118 397 0 3 0 3
 4227072 5 1118 358 1118 358 1118 350 897 350 897 358 897 358 0 3 0 3
 4227072 5 1053 358 1053 358 1053 344 910 344 910 358 910 358 0 3 0 3
 16512 5 923 397 923 397 923 410 598 410 598 397 598 397 0 3 0 3
 16512 5 923 384 923 384 923 409 650 409 650 397 650 397 0 3 0 3
 16512 5 923 371 923 371 923 409 806 409 806 397 806 397 0 3 0 3
 16512 5 923 358 923 358 923 409 754 409 754 397 754 397 0 3 0 3
4
 7073 1 14 579 306 5 0 8583336 22251696 3
 7073 1 14 735 306 5 0 8583336 22251696 3
 7000 1 14 891 306 5 0 8583336 22251696 3
 7047 1 16 1034 306 5 0 8583336 22251696 3
