Version 0.9.7
4
 4 10 175 77 128 0 1
 5 277 398 206 81 2 2
 0 173 100 877 276 8 3
 6 1069 55 449 130 140 5
 1
44
 255 5 71 189 71 189 71 114 71 114 226 114 226 114 0 1 0 3
 255 5 71 202 71 202 71 202 71 348 226 348 226 348 0 1 0 3
 0 5 71 249 71 249 71 359 226 359 226 361 226 361 0 1 0 3
 0 5 71 262 71 262 71 125 226 125 226 127 226 127 0 1 0 3
 255 5 499 309 499 309 499 309 499 348 499 348 499 348 0 3 0 3
 255 5 369 309 369 309 369 309 369 348 369 348 369 348 0 3 0 3
 0 5 369 166 369 166 369 166 369 127 369 127 369 127 0 3 0 3
 0 5 499 166 499 166 499 166 499 127 499 127 499 127 0 3 0 3
 255 5 330 114 330 114 330 114 330 166 330 166 330 166 0 3 0 3
 255 5 356 309 356 309 356 309 356 348 356 348 356 348 0 3 0 3
 255 5 343 309 343 309 343 309 343 348 343 348 343 348 0 3 0 3
 255 5 395 309 395 309 395 309 395 348 395 348 395 348 0 3 0 3
 255 5 408 309 408 309 408 309 408 348 408 348 408 348 0 3 0 3
 255 5 382 166 382 166 382 166 382 114 382 114 382 114 0 3 0 3
 255 5 292 409 292 409 239 409 239 409 239 348 239 348 0 2 0 3
 0 5 292 467 292 467 239 467 239 467 239 361 239 361 0 2 0 3
 33023 5 356 205 356 205 356 233 382 233 382 270 382 270 0 3 0 3
 33023 5 395 205 395 205 395 238 460 238 460 270 460 270 0 3 0 3
 255 5 512 166 512 166 512 166 512 114 512 114 512 114 0 3 0 3
 255 5 460 166 460 166 460 166 460 114 460 114 460 114 0 3 0 3
 255 5 486 309 486 309 486 309 486 348 486 348 486 348 0 3 0 3
 255 5 538 309 538 309 538 309 538 348 538 348 538 348 0 3 0 3
 4227327 5 486 205 486 205 486 236 512 236 512 270 512 270 0 3 0 3
 8421631 5 486 192 486 192 486 198 577 198 577 270 577 270 0 3 0 3
 8421631 5 525 205 525 205 590 205 590 205 590 270 590 270 0 3 0 3
 255 5 577 166 577 166 577 166 577 114 577 114 577 114 0 3 0 3
 0 5 655 309 655 309 655 309 655 361 655 361 655 361 0 3 0 3
 4194368 5 525 296 525 296 525 296 473 296 473 296 473 296 0 3 0 3
 0 5 798 309 798 309 798 309 798 361 798 361 798 361 0 3 0 3
 255 5 707 166 707 166 707 166 707 114 707 114 707 114 0 3 0 3
 255 5 993 114 993 114 993 80 1085 80 1085 82 1085 82 0 3 0 5
 16512 5 746 205 746 205 746 177 1106 177 1106 178 1106 178 0 3 0 5
 16512 5 759 205 759 205 759 185 1119 185 1119 178 1119 178 0 3 0 5
 16512 5 772 205 772 205 772 191 1132 191 1132 178 1132 178 0 3 0 5
 16512 5 785 205 785 205 785 198 1145 198 1145 178 1145 178 0 3 0 5
 16512 5 798 205 798 205 1158 205 1158 205 1158 178 1158 178 0 3 0 5
 16512 5 720 205 720 205 720 225 1171 225 1171 178 1171 178 0 3 0 5
 16512 5 733 205 733 205 733 218 1184 218 1184 178 1184 178 0 3 0 5
 8388863 5 356 192 356 192 356 55 785 55 785 270 785 270 0 3 0 3
 8388863 5 395 192 395 192 395 62 707 62 707 270 707 270 0 3 0 3
 8388863 5 486 179 486 179 486 183 720 183 720 270 720 270 0 3 0 3
 8388863 5 525 192 525 192 525 192 772 192 772 270 772 270 0 3 0 3
 16711680 5 450 409 450 409 450 398 330 398 330 309 330 309 0 2 0 3
 4194368 5 525 283 525 283 525 283 603 283 603 283 603 283 0 3 0 3
4
 7073 1 14 324 218 5 0 8583336 23036032 3
 7073 1 14 454 218 5 0 8583336 23036032 3
 7000 1 14 571 218 5 0 8583336 23036032 3
 7047 1 16 701 218 5 0 8583336 23036032 3
