Version 0.9.7
5
 4 10 173 77 128 0 1
 5 80 400 206 81 2 2
 0 160 160 877 276 8 3
 1 185 447 206 81 140 4
 3 441 487 203 58 150 5
 0
35
 0 5 694 369 694 369 694 369 694 408 694 408 694 408 0 3 0 3
 0 5 811 369 811 369 811 369 811 408 811 408 811 408 0 3 0 3
 0 5 213 408 213 408 71 408 71 408 71 286 71 286 0 3 0 1
 0 5 71 273 71 273 71 516 71 516 200 516 200 516 0 1 0 4
 0 5 452 524 452 524 434 524 434 524 434 408 434 408 0 5 0 3
 255 5 71 187 71 187 71 187 213 187 213 187 213 187 0 1 0 3
 255 5 460 226 460 226 460 226 460 187 460 187 460 187 0 3 0 3
 255 5 616 226 616 226 616 226 616 187 616 187 616 187 0 3 0 3
 255 5 733 226 733 226 733 226 733 187 733 187 733 187 0 3 0 3
 255 5 200 458 200 458 105 458 105 226 71 226 71 226 0 4 0 1
 0 5 538 369 538 369 538 369 538 408 538 408 538 408 0 3 0 3
 16711680 5 260 458 260 458 251 458 251 369 252 369 252 369 0 4 0 3
 33023 5 279 471 279 471 279 472 461 472 461 369 460 369 0 4 0 3
 16711680 5 260 471 260 464 485 464 485 369 486 369 486 369 0 4 0 3
 65280 5 241 471 241 471 241 464 512 464 512 369 512 369 0 4 0 3
 32768 5 525 369 525 369 525 416 278 416 278 369 278 369 0 3 0 3
 8404992 5 499 369 499 369 499 408 291 408 291 369 291 369 0 3 0 3
 4227327 5 473 369 473 369 473 397 304 397 304 369 304 369 0 3 0 3
 8404992 5 291 356 291 356 291 355 617 355 617 330 616 330 0 3 0 3
 4227327 5 304 356 304 356 304 355 629 355 629 330 629 330 0 3 0 3
 8388863 5 642 265 642 238 1038 238 1038 550 487 550 487 531 0 3 0 5
 8404992 5 291 343 291 343 291 355 642 355 642 330 642 330 0 3 0 3
 33023 5 279 458 279 458 265 458 265 458 265 369 265 369 0 4 0 3
 4227327 5 265 356 265 356 265 349 655 349 655 330 655 330 0 3 0 3
 32768 5 278 343 278 343 278 358 668 358 668 330 668 330 0 3 0 3
 8388863 5 681 330 681 330 681 549 507 549 507 531 507 531 0 3 0 5
 32768 5 278 330 253 330 253 251 629 251 629 265 629 265 0 3 0 3
 16711680 5 252 356 236 356 236 250 655 250 655 265 655 265 0 3 0 3
 32768 5 278 356 278 356 239 356 239 251 668 251 668 265 0 3 0 3
 4227327 5 304 343 304 343 304 250 681 250 681 265 681 265 0 3 0 3
 8388863 5 694 265 694 265 1038 265 1038 548 527 548 527 531 0 3 0 5
 32768 5 278 317 278 317 759 317 759 317 759 330 759 330 0 3 0 3
 16711680 5 252 343 252 343 252 333 772 333 772 330 772 330 0 3 0 3
 33023 5 265 343 265 343 785 343 785 343 785 330 785 330 0 3 0 3
 8388863 5 798 330 798 330 798 548 547 548 547 531 547 531 0 3 0 5
3
 7004 1 14 454 278 5 0 8583336 22108528 3
 7010 1 14 610 278 5 0 8583336 22108528 3
 7010 1 14 727 278 5 0 8583336 22108528 3
