Version 0.9.7
5
 4 10 175 77 128 0 1
 5 375 179 206 81 2 2
 0 167 101 877 276 8 3
 3 487 381 203 58 140 4
 1 230 415 206 81 149 5
 0
29
 16744448 5 286 426 286 426 285 426 285 426 285 310 285 310 0 5 0 3
 8453888 5 305 426 305 426 308 426 308 310 311 310 311 310 0 5 0 3
 8421631 5 324 426 324 426 324 426 337 426 337 310 337 310 0 5 0 3
 0 5 71 288 71 288 71 349 71 349 220 349 220 349 0 1 0 3
 255 5 71 189 71 189 71 128 71 128 220 128 220 128 0 1 0 3
 255 5 285 167 285 167 285 167 285 128 285 128 285 128 0 3 0 3
 255 5 623 167 623 167 623 167 623 128 623 128 623 128 0 3 0 3
 255 5 766 167 766 167 766 167 766 128 766 128 766 128 0 3 0 3
 0 5 363 310 363 310 363 310 363 349 363 349 363 349 0 3 0 3
 0 5 701 310 701 310 701 310 701 349 701 349 701 349 0 3 0 3
 0 5 844 310 844 310 844 310 844 349 844 349 844 349 0 3 0 3
 4194432 5 649 271 649 271 649 271 766 271 766 271 766 271 0 3 0 3
 4227327 5 428 271 428 271 428 259 623 259 623 271 623 271 0 3 0 3
 16744448 5 286 439 286 439 264 439 264 193 636 193 636 206 0 5 0 3
 8421631 5 324 439 324 439 830 439 830 195 792 195 792 206 0 5 0 3
 8388863 5 662 206 662 206 662 194 779 194 779 206 779 206 0 3 0 3
 32896 5 805 206 805 206 805 217 674 217 674 297 675 297 0 3 0 3
 4210816 5 688 284 688 284 688 284 779 284 779 284 779 284 0 3 0 3
 16744576 5 792 310 792 310 792 425 792 425 673 425 673 425 0 3 0 4
 0 5 519 349 519 349 512 349 512 418 498 418 498 418 0 3 0 4
 0 5 233 349 233 349 233 484 233 484 245 484 245 484 0 3 0 5
 255 5 71 202 26 202 26 427 245 427 245 426 245 426 0 1 0 5
 0 5 506 310 506 310 506 310 506 349 506 349 506 349 0 3 0 3
 255 5 428 167 428 167 428 167 428 128 428 128 428 128 0 3 0 3
 16711680 5 636 271 636 271 636 265 298 265 298 271 298 271 0 3 0 3
 32768 5 662 284 662 284 662 278 324 278 324 271 324 271 0 3 0 3
 32768 5 441 284 441 284 441 284 324 284 324 284 324 284 0 3 0 3
 65535 5 649 206 649 206 649 206 350 206 350 271 350 271 0 3 0 3
 65535 5 454 297 454 297 454 297 350 297 350 297 350 297 0 3 0 3
4
 7004 1 14 279 219 5 0 8583336 21765712 3
 7008 1 14 617 219 5 0 8583336 21765712 3
 7032 1 14 760 219 5 0 8583336 21765712 3
 7002 1 14 422 219 5 0 8583336 21765712 3
