Version 0.9.7
5
 4 10 175 77 128 0 1
 5 80 400 206 81 2 2
 0 110 110 877 276 8 3
 1 384 459 206 81 140 4
 3 378 388 203 58 150 5
 0
20
 255 5 71 189 71 189 71 137 71 137 163 137 163 137 0 1 0 3
 0 5 71 288 71 288 71 358 71 358 163 358 163 358 0 1 0 3
 255 5 358 176 358 176 358 176 358 137 358 137 358 137 0 3 0 3
 0 5 436 319 436 319 436 319 436 358 436 358 436 358 0 3 0 3
 0 5 449 358 449 358 380 358 380 425 389 425 389 425 0 3 0 5
 0 5 399 528 399 528 195 528 176 528 176 358 176 358 0 4 0 3
 16711680 5 440 496 440 496 440 496 424 496 424 432 424 432 0 4 0 5
 255 5 71 228 71 228 30 228 30 470 399 470 399 470 0 1 0 4
 4227327 5 459 496 459 496 448 496 448 432 444 432 444 432 0 4 0 5
 32768 5 478 496 478 496 468 496 468 432 464 432 464 432 0 4 0 5
 16711680 5 440 483 440 483 359 483 359 280 358 280 358 280 0 4 0 3
 33023 5 459 483 459 483 371 483 371 483 371 280 371 280 0 4 0 3
 33023 5 459 470 459 470 323 470 323 214 371 214 371 215 0 4 0 3
 32768 5 478 470 478 470 305 470 305 202 384 202 384 215 0 4 0 3
 16512 5 384 280 384 280 384 280 397 280 397 280 397 280 0 3 0 3
 16512 5 397 215 397 215 397 215 410 215 410 215 410 215 0 3 0 3
 32896 5 423 280 423 280 423 280 423 280 423 215 423 215 0 3 0 3
 16384 5 436 215 436 215 420 215 420 280 410 280 410 280 0 3 0 3
 8388863 5 423 293 423 293 668 293 668 467 484 467 484 432 0 3 0 5
 8388863 5 436 202 436 202 655 202 655 457 504 457 504 432 0 3 0 5
1
 7000 1 14 352 228 5 0 8583336 22458512 3
