Version 0.9.7
5
 4 5 177 77 128 0 1
 5 80 400 206 81 2 2
 0 97 56 877 276 8 3
 1 96 362 206 81 140 4
 3 465 364 203 58 178 5
 0
27
 0 5 66 290 66 290 66 317 66 317 150 317 150 317 0 1 0 3
 255 5 66 191 66 191 66 191 66 83 150 83 150 83 0 1 0 3
 255 5 66 204 66 204 50 204 50 373 111 373 111 373 0 1 0 4
 0 5 66 277 66 277 66 431 66 431 111 431 111 431 0 1 0 4
 0 5 306 265 306 265 306 265 306 317 306 317 306 317 0 3 0 3
 0 5 436 265 436 265 436 265 436 317 436 317 436 317 0 3 0 3
 0 5 566 265 566 265 566 265 566 317 566 317 566 317 0 3 0 3
 0 5 696 265 696 265 696 265 696 317 696 317 696 317 0 3 0 3
 255 5 228 122 228 122 228 122 228 83 228 83 228 83 0 3 0 3
 255 5 358 122 358 122 358 122 358 83 358 83 358 83 0 3 0 3
 255 5 488 122 488 122 488 122 488 83 488 83 488 83 0 3 0 3
 255 5 618 122 618 122 618 122 618 83 618 83 618 83 0 3 0 3
 65280 5 152 373 153 373 153 330 228 330 228 265 228 265 0 4 0 3
 65280 5 152 386 159 386 159 336 358 336 358 226 358 226 0 4 0 3
 16711680 5 171 373 171 373 171 344 372 344 372 226 371 226 0 4 0 3
 16744576 5 384 226 384 226 384 226 397 226 397 226 397 226 0 3 0 3
 16744576 5 384 239 384 239 384 248 254 248 254 265 254 265 0 3 0 3
 32768 5 190 373 190 373 190 373 410 373 410 239 410 239 0 4 0 3
 8388863 5 423 265 423 265 423 451 511 451 511 408 511 408 0 3 0 5
 0 5 449 317 449 317 449 401 449 401 476 401 476 401 0 3 0 5
 65408 5 241 265 241 265 241 255 488 255 488 265 488 265 0 3 0 3
 16711680 5 171 386 171 386 171 351 501 351 501 265 501 265 0 4 0 3
 8388736 5 514 265 514 265 514 281 618 281 618 265 618 265 0 3 0 3
 32768 5 190 386 190 386 190 373 527 373 527 252 527 252 0 4 0 3
 4194432 5 267 265 267 265 267 239 267 239 540 239 540 239 0 3 0 3
 16512 5 553 239 553 239 553 292 631 292 631 265 631 265 0 3 0 3
 16776960 5 644 265 644 265 681 265 681 433 531 433 531 408 0 3 0 5
4
 7086 1 14 352 174 5 0 8583336 22108528 3
 7004 1 14 222 174 5 0 8583336 22108528 3
 7008 1 14 482 174 5 0 8583336 22108528 3
 7032 1 14 612 174 5 0 8583336 22108528 3
